3
5
6
8
10
11
15
18
20
25
27
28
29
34
36
43
44
45
46
47
55
59
61
66
68
73
77
81
85
86
89
90
91
95
98
103
104
113
116
117
122
127
130
133
134
135
137
141
143
150
153
156
160
161
162
163
169
170
171
178
183
187
191
193
197
200
203
206
207
208
209
210
213
219
222
225
228
233
234
236
241
242
244
246
255
256
257
260
261
263
266
267
268
271
274
278
281
283
286
288
290
291
293
294
297
302
303
305
306
309
312
314
319
331
334
335
338
346
348
353
361
362
364
367
369
371
374
375
378
381
382
383
392
394
395
397
401
403
404
406
407
412
414
417
421
427
428
429
432
434
437
439
444
447
449
450
453
455
456
457
458
460
462
468
471
474
475
477
478
479
482
485
487
492
500
504
505
512
513
514
515
518
519
521
523
524
528
530
536
542
551
552
553
562
569
576
578
579
582
583
585
589
590
592
594
597
598
600
601
602
603
607
609
612
613
615
616
618
623
624
625
626
628
629
639
644
649
650
652
659
660
661
662
663
664
667
668
670
672
681
682
683
685
687
688
690
696
698
700
701
707
709
710
714
715
716
719
720
722
725
726
732
733
734
735
739
743
744
746
751
753
754
765
766
767
768
769
772
773
779
781
784
788
789
793
794
797
798
802
804
806
808
810
814
817
823
824
826
835
839
843
844
851
852
854
858
860
862
863
864
866
868
873
877
878
881
883
884
885
891
892
895
896
898
899
901
905
907
910
912
916
917
918
920
922
923
932
935
938
942
944
947
950
952
957
958
960
961
963
967
968
970
974
976
977
980
981
983
991
992
996
997
1002
1003
1004
1005
1006
1007
1009
1010
1012
1013
1015
1020
1021
1022
1027
1029
1033
1036
1037
1041
1043
1045
1049
1053
1057
1058
1059
1060
1062
1063
1064
1065
1066
1071
1074
1076
1082
1084
1086
1088
1090
1091
1094
1095
1097
1098
1102
1103
1104
1106
1114
1115
1118
1120
1124
1125
1129
1133
1137
1138
1139
1141
1142
1149
1150
1153
1155
1157
1158
1159
1167
1168
1169
1170
1172
1175
1181
1185
1192
1195
1199
1200
1201
1202
1204
1205
1206
1207
1210
1211
1212
1215
1216
1217
1219
1221
1222
1224
1225
1226
1230
1232
1233
1234
1236
1238
1240
1241
1242
1243
1244
1245
1247
1248
1251
1253
1255
1256
1257
1258
1260
1261
1264
1267
1269
1270
1271
1272
1273
1274
1275
1278
1279
1281
1283
1285
1288
1289
1290
1292
1293
1295
1298
1303
1304
1305
1309
1310
1311
1315
1317
1319
1320
1326
1327
1328
1332
1333
1334
1337
1338
1339
1341
1345
1346
1347
1348
1352
1356
1359
1360
1363
1364
1368
1370
1371
1374
1375
1376
1379
1381
1382
1383
1384
1385
1387
1391
1395
1396
1398
1399
1401
1402
1403
1406
1407
1411
1412
1416
1417
1420
1421
1422
1423
1425
1428
1432
1434
1436
1439
1441
1442
1443
1447
1448
1449
1450
1451
1452
1457
1458
1460
1461
1463
1464
1465
1466
1469
1471
1473
1474
1475
1476
1480
1481
1483
1488
1489
1493
1495
1498
1501
1503
1504
1508
1509
1515
1516
1519
1520
1521
1522
1523
1524
1525
1526
1532
1533
1534
1535
1539
1541
1542
1544
1545
1546
1547
1548
1549
1550
1553
1556
1557
1559
1561
1562
1565
1566
1567
1568
1569
1570
1571
1572
1574
1576
1578
1579
1580
1581
1583
1584
1585
1587
1592
1594
1595
1597
1598
1599
1600
1601
1603
1605
1606
1608
1612
1613
1614
1616
1618
1626
1627
1628
1629
1630
1631
1632
1637
1638
1639
1640
1641
1643
1645
1649
1652
1653
1655
1658
1660
1662
1663
1664
1665
1666
1667
1668
1669
1670
1671
1673
1674
1675
1676
1677
1678
1679
1680
1681
1686
1687
1688
1689
1690
1691
1693
1696
1698
1699
1703
1705
1706
1710
1712
1713
1714
1719
1721
1722
1725
1727
1728
1730
1732
1733
1735
1736
1737
1740
1742
1744
1745
1746
1747
1752
1755
1756
1757
1758
1759
1760
1761
1763
1764
1765
1766
1768
1769
1770
1773
1774
1779
1780
1781
1782
1783
1784
1786
1787
1788
1791
1792
1794
1796
1798
1799
1804
1808
1813
1816
1818
1821
1824
1825
1826
1827
1828
1829
1830
1831
1833
1835
1836
1838
1839
1840
1841
1844
1846
1847
1848
1851
1852
1856
1859
1860
1862
1863
1864
1865
1866
1868
1869
1871
1872
1875
1878
1879
1880
1881
1883
1885
1888
1890
1891
1892
1893
1894
1895
1896
1897
1898
1899
1900
1903
1904
1905
1906
1907
1908
1909
1910
1911
1912
1914
1916
1917
1919
1921
1923
1925
1927
1928
1930
1931
1932
1935
1936
1937
1938
1940
1944
1947
1949
1950
1951
1952
1953
1954
1956
1959
1962
1963
1964
1965
1968
1970
1971
1974
1975
1976
1977
1981
1982
1983
1984
1987
1992
1994
1997
1998
1999
2000
2003
2004
2005
2006
2007
2008
2009
2010
2012
2015
2016
2017
2018
2019
2021
2023
2024
2025
2030
2031
2032
2033
2034
2036
2039
2041
2042
2043
2044
2045
2046
2048
2050
2051
2052
2053
2054
2055
2059
2060
2062
2066
2067
2070
2073
2075
2076
2078
2079
2080
2081
2082
2083
2084
2085
2086
2094
2095
2096
2097
2099
2102
2103
2104
2105
2106
2109
2110
2111
2114
2115
2117
2118
2119
2124
2126
2128
2130
2132
2134
2135
2136
2138
2141
2142
2143
2144
2148
2150
2153
2156
2161
2162
2163
2164
2166
2167
2169
2174
2175
2176
2177
2178
2179
2180
2181
2182
2183
2185
2189
2190
2191
2192
2193
2195
2197
2198
2199
2201
2205
2206
2207
2208
2209
2210
2212
2214
2218
2219
2220
2221
2222
2223
2224
2225
2226
2228
2229
2231
2233
2237
2240
2241
2242
2243
2247
2248
2249
2253
2255
2256
2263
2265
2266
2267
2270
2271
2274
2275
2276
2279
2287
2288
2290
2291
2293
2294
2295
2298
2301
2306
2308
2309
2310
2312
2313
2314
2315
2316
2319
2320
2322
2323
2325
2326
2327
2328
2329
2330
2331
2332
2336
2337
2338
2340
2342
2343
2346
2348
2350
2351
2352
2357
2360
2361
2362
2363
2364
2365
2366
2367
2369
2374
2376
2377
2379
2380
2382
2387
2389
2391
2392
2395
2397
2400
2402
2404
2406
2408
2409
2415
2416
2418
2421
2424
2426
2427
2428
2429
2430
2434
2436
2440
2446
2448
2450
2451
2453
2454
2456
2457
2458
2459
2460
2461
2463
2464
2466
2468
2470
2471
2474
2475
2476
2477
2479
2481
2484
2486
2488
2491
2493
2496
2497
2498
2502
2509
2510
2512
2513
2514
2517
2518
2519
2520
2521
2522
2523
2524
2525
2527
2531
2533
2535
2536
2537
2539
2540
2542
2543
2545
2546
2548
2550
2552
2553
2559
2560
2563
2568
2571
2572
2573
2574
2575
2578
2580
2581
2587
2588
2594
2595
2597
2598
2602
2603
2606
2607
2608
2609
2612
2614
2617
2618
2619
2620
2622
2625
2626
2627
2628
2629
2631
2634
2635
2637
2639
2645
2647
2650
2652
2653
2654
2655
2656
2657
2658
2660
2663
2664
2666
2668
2670
2672
2673
2674
2675
2676
2678
2682
2683
2685
2688
2690
2691
2692
2699
2700
2701
2703
2704
2707
2709
2711
2712
2713
2714
2716
2717
2719
2720
2721
2724
2725
2726
2727
2729
2730
2732
2733
2735
2736
2737
2739
2742
2743
2744
2745
2748
2752
2756
2758
2763
2765
2766
2767
2768
2769
2770
2773
2775
2776
2780
2781
2782
2788
2791
2792
2794
2798
2799
2801
2802
2803
2805
2809
2813
2814
2815
2820
2821
2822
2824
2827
2830
2831
2832
2840
2841
2842
2846
2847
2848
2850
2851
2855
2856
2857
2859
2861
2863
2864
2865
2866
2867
2870
2871
2872
2874
2875
2878
2879
2880
2885
2889
2891
2892
2893
2895
2896
2897
2898
2899
2900
2905
2906
2907
2908
2909
2910
2911
2913
2914
2916
2918
2919
2920
2921
2925
2929
2934
2937
2939
2940
2941
2944
2945
2946
2947
2948
2949
2952
2955
2959
2960
2961
2963
2964
2966
2967
2969
2972
2973
2974
2977
2978
2981
2986
2987
2988
2990
2996
2998
2999
3004
3005
3006
3007
3010
3012
3014
3016
3017
3024
3027
3029
3031
3032
3035
3036
3037
3039
3040
3042
3043
3046
3047
3048
3049
3050
3055
3056
3058
3061
3062
3067
3068
3069
3070
3071
3073
3075
3076
3080
3081
3087
3088
3089
3092
3094
3100
3102
3104
3105
3106
3109
3111
3115
3118
3120
3121
3124
3126
3127
3128
3130
3131
3136
3137
3142
3145
3146
3147
3151
3154
3156
3158
3160
3164
3165
3166
3167
3168
3171
3176
3179
3180
3181
3182
3183
3185
3186
3189
3191
3193
3202
3203
3204
3205
3207
3208
3209
3210
3212
3213
3216
3217
3220
3221
3225
3226
3227
3228
3230
3231
3234
3235
3236
3242
3243
3246
3247
3248
3252
3253
3258
3259
3261
3266
3267
3269
3271
3274
3275
3279
3280
3285
3286
3290
3291
3292
3296
3297
3298
3299
3302
3303
3304
3305
3307
3308
3309
3310
3312
3314
3316
3320
3322
3323
3325
3326
3327
3328
3330
3335
3336
3337
3339
3341
3345
3346
3347
3349
3350
3352
3353
3355
3358
3359
3360
3365
3368
3371
3372
3376
3378
3380
3382
3383
3385
3389
3391
3396
3402
3407
3411
3413
3414
3415
3417
3420
3422
3424
3428
3430
3432
3434
3436
3439
3440
3443
3445
3448
3450
3453
3454
3457
3458
3461
3462
3465
3467
3471
3472
3477
3478
3479
3482
3484
3494
3498
3500
3502
3507
3510
3515
3517
3518
3520
3521
3523
3524
3527
3529
3531
3532
3534
3543
3546
3547
3551
3557
3559
3560
3563
3567
3569
3570
3572
3574
3575
3576
3577
3578
3581
3583
3584
3586
3588
3591
3592
3603
3605
3606
3612
3615
3623
3632
3638
3640
3642
3643
3645
3649
3655
3656
3664
3666
3673
3676
3679
3681
3683
3684
3686
3687
3689
3690
3692
3694
3695
3697
3698
3700
3701
3704
3705
3707
3714
3715
3716
3722
3723
3732
3734
3735
3737
3738
3739
3740
3742
3744
3749
3753
3754
3757
3760
3762
3764
3767
3768
3770
3774
3775
3776
3780
3789
3792
3793
3798
3800
3802
3803
3805
3807
3808
3810
3812
3814
3815
3820
3821
3824
3825
3828
3833
3834
3839
3840
3842
3847
3848
3850
3851
3855
3857
3861
3868
3876
3879
3880
3881
3884
3887
3901
3907
3909
3912
3913
3921
3922
3923
3925
3927
3934
3935
3942
3943
3947
3950
3952
3953
3965
3967
3968
3971
3974
3975
3976
3977
3979
3981
3983
3988
3990
3994
3995
4000
4002
4003
4010
4012
4013
4014
4027
4035
4039
4053
4056
4057
4059
4063
4069
4070
4072
4074
4078
4087
4089
4093
4097
4100
4111
4118
4120
4123
4127
4128
4129
4132
4134
4136
4137
4142
4144
4145
4146
4147
4149
4150
4151
4153
4156
4163
4164
4173
4174
4177
4178
4179
4183
4184
4185
4193
4194
4199
4200
4201
4202
4204
4207
4209
4212
4218
4219
4224
4225
4226
4228
4230
4237
4240
4245
4246
4248
4254
4255
4257
4260
4261
4264
4265
4267
4269
4273
4279
4282
4284
4285
4286
4288
4293
4294
4297
4308
4312
4314
4316
4323
4326
4339
4342
4349
4350
4352
4356
4361
4362
4363
4376
4377
4380
4383
4384
4386
4388
4390
4396
4403
4405
4411
4416
4420
4433
4436
4437
4439
4442
4443
4446
4451
4452
4455
4456
4457
4458
4459
4462
4464
4466
4467
4469
4470
4472
4475
4476
4477
4478
4479
4480
4482
4483
4484
4485
4486
4487
4489
4490
4493
4496
4497
4499
4501
4502
4503
4505
4506
4507
4510
4511
4513
4514
4516
4518
4521
4524
4525
4526
4530
4531
4534
4535
4536
4538
4539
4541
4542
4543
4547
4548
4551
4553
4555
4562
4563
4564
4566
4567
4569
4571
4573
4577
4578
4579
4581
4583
4586
4588
4589
4591
4592
4594
4595
4598
4601
4602
4603
4604
4605
4606
4607
4609
4610
4612
4613
4615
4616
4617
4618
4619
4621
4623
4624
4628
4630
4631
4632
4634
4635
4636
4637
4638
4639
4640
4641
4644
4647
4648
4650
4652
4653
4654
4655
4656
4657
4658
4660
4661
4662
4663
4665
4669
4677
4679
4680
4684
4685
4686
4687
4688
4690
4691
4692
4695
4696
4697
4699
4701
4702
4703
4704
4705
4707
4711
4712
4713
4714
4715
4717
4720
4721
4722
4724
4725
4726
4727
4730
4731
4732
4734
4735
4736
4738
4739
4741
4742
4745
4748
4749
4751
4752
4753
4756
4757
4761
4764
4765
4767
4768
4769
4770
4774
4775
4780
4782
4783
4785
4789
4791
4795
4797
4798
4799
4800
4802
4803
4805
4806
4807
4810
4811
4812
4821
4822
4825
4826
4827
4828
4830
4831
4832
4834
4836
4837
4839
4840
4841
4844
4847
4849
4854
4855
4857
4859
4862
4864
4865
4866
4867
4868
4869
4871
4873
4876
4877
4878
4881
4882
4883
4886
4887
4889
4891
4893
4895
4896
4898
4900
4901
4903
4904
4907
4908
4909
4912
4913
4914
4917
4919
4920
4921
4922
4924
4926
4927
4928
4931
4932
4933
4935
4937
4939
4940
4941
4942
4944
4946
4947
4949
4950
4951
4952
4953
4954
4955
4956
4957
4958
4959
4960
4961
4962
4964
4965
4967
4971
4972
4973
4974
4976
4977
4979
4981
4982
4983
4986
4988
4991
4993
4994
4998
4999