4
6
7
8
10
11
18
20
22
24
25
26
27
28
34
35
45
46
47
48
49
52
53
55
57
59
60
61
62
63
66
67
68
71
74
76
77
79
80
81
82
85
86
89
90
91
95
97
99
101
103
107
108
113
114
116
117
123
124
125
127
130
131
133
134
136
137
139
143
147
150
151
152
155
156
158
159
163
164
170
176
178
180
184
185
187
191
200
206
207
208
209
211
212
218
219
221
222
223
225
228
229
232
233
234
235
237
239
248
249
250
251
255
257
258
260
263
265
266
267
268
271
273
274
275
280
281
282
283
284
287
288
290
291
293
294
295
300
301
302
305
308
312
317
319
320
321
324
329
330
335
336
337
338
339
345
346
348
349
357
361
362
364
365
366
368
370
371
374
378
379
382
383
391
395
396
401
405
406
410
414
417
422
427
429
432
434
435
441
442
443
444
445
446
447
448
449
450
452
453
457
458
462
467
471
472
474
477
480
481
484
489
491
494
500
501
502
503
504
505
506
512
514
518
519
520
522
523
524
525
528
533
534
535
536
538
540
541
543
544
550
556
562
563
567
581
583
584
590
592
593
594
599
600
601
602
604
609
610
611
612
613
616
617
620
621
622
625
626
628
630
631
633
636
640
644
654
655
659
660
663
665
667
669
670
671
672
673
674
676
679
682
685
686
689
690
693
696
697
698
700
701
703
706
707
708
710
711
720
721
722
724
725
727
729
730
734
736
739
742
743
744
746
748
750
752
757
761
762
764
765
766
770
771
772
773
778
779
780
781
782
783
784
790
791
793
794
797
798
801
802
804
806
807
810
812
813
818
819
820
823
829
832
839
840
842
843
847
854
857
858
862
863
864
865
866
868
871
873
876
877
882
883
885
890
894
895
896
898
899
901
903
904
905
910
918
922
923
926
930
933
935
938
942
944
949
950
951
952
953
965
967
968
973
974
976
979
980
983
985
988
989
993
994
997
999
1004
1006
1007
1009
1011
1013
1015
1016
1017
1018
1021
1022
1024
1033
1034
1035
1039
1040
1041
1043
1046
1049
1050
1052
1053
1055
1057
1059
1060
1062
1063
1066
1067
1069
1074
1076
1077
1079
1082
1086
1087
1089
1094
1096
1098
1099
1102
1104
1107
1108
1109
1113
1114
1115
1119
1121
1122
1127
1131
1133
1134
1136
1138
1139
1142
1148
1150
1153
1154
1157
1162
1168
1173
1177
1178
1179
1183
1187
1191
1192
1193
1194
1195
1197
1198
1199
1200
1202
1205
1206
1207
1208
1210
1211
1212
1213
1215
1216
1217
1218
1219
1220
1222
1223
1224
1225
1227
1230
1232
1233
1235
1238
1239
1240
1246
1247
1248
1249
1254
1255
1256
1260
1261
1265
1270
1272
1274
1275
1277
1278
1279
1285
1286
1289
1290
1292
1293
1294
1295
1298
1301
1302
1303
1304
1305
1308
1310
1313
1314
1315
1316
1317
1319
1320
1321
1326
1328
1331
1333
1334
1336
1337
1338
1339
1340
1343
1345
1346
1347
1348
1352
1356
1357
1359
1360
1361
1364
1368
1370
1371
1373
1374
1377
1379
1382
1383
1384
1385
1386
1390
1394
1395
1396
1397
1398
1401
1402
1403
1405
1407
1408
1410
1412
1414
1415
1416
1417
1420
1421
1422
1423
1426
1427
1428
1430
1431
1432
1433
1434
1435
1436
1439
1441
1442
1443
1446
1447
1451
1453
1455
1456
1459
1460
1461
1462
1463
1464
1465
1466
1468
1469
1474
1475
1476
1477
1480
1481
1482
1483
1486
1491
1493
1494
1495
1496
1497
1498
1499
1501
1503
1509
1510
1516
1517
1520
1521
1522
1523
1524
1526
1529
1530
1531
1532
1533
1534
1535
1537
1540
1541
1542
1543
1546
1547
1550
1551
1553
1555
1556
1557
1559
1560
1561
1564
1565
1566
1568
1570
1573
1574
1577
1578
1579
1580
1581
1582
1584
1585
1587
1594
1595
1598
1600
1601
1602
1603
1605
1606
1607
1608
1609
1610
1611
1612
1613
1614
1615
1618
1619
1624
1626
1629
1630
1631
1632
1635
1637
1638
1640
1641
1643
1644
1645
1647
1648
1649
1653
1654
1657
1660
1662
1663
1665
1666
1670
1671
1674
1675
1676
1677
1678
1680
1682
1683
1685
1687
1690
1693
1694
1695
1696
1698
1700
1702
1705
1706
1708
1710
1714
1715
1716
1717
1720
1724
1725
1726
1727
1728
1729
1730
1734
1735
1739
1745
1748
1753
1755
1756
1758
1763
1765
1769
1771
1772
1773
1779
1782
1783
1784
1786
1787
1788
1789
1793
1794
1795
1796
1797
1799
1802
1803
1804
1806
1810
1814
1817
1820
1822
1827
1829
1830
1831
1833
1834
1835
1836
1842
1843
1847
1849
1850
1851
1852
1856
1858
1859
1860
1861
1866
1870
1872
1874
1875
1876
1881
1882
1883
1886
1888
1889
1891
1892
1893
1894
1895
1896
1897
1898
1899
1900
1901
1902
1903
1907
1908
1910
1911
1912
1914
1915
1916
1917
1919
1920
1921
1922
1923
1924
1927
1928
1934
1935
1937
1939
1940
1941
1942
1944
1946
1947
1949
1950
1952
1954
1955
1956
1960
1962
1964
1965
1966
1968
1971
1972
1973
1975
1976
1978
1979
1981
1986
1988
1989
1991
1992
1994
1995
1998
1999
2000
2001
2002
2004
2006
2007
2008
2009
2010
2012
2013
2015
2016
2018
2019
2020
2026
2027
2028
2029
2030
2031
2032
2033
2035
2042
2043
2044
2046
2047
2052
2060
2061
2063
2065
2066
2067
2068
2069
2070
2072
2074
2075
2076
2078
2079
2084
2085
2090
2091
2094
2095
2097
2098
2100
2101
2103
2104
2105
2106
2110
2114
2117
2118
2120
2123
2124
2125
2127
2129
2131
2132
2133
2136
2138
2140
2141
2143
2144
2145
2146
2148
2152
2156
2160
2161
2162
2163
2164
2166
2167
2170
2173
2175
2178
2179
2181
2182
2185
2186
2187
2189
2192
2196
2199
2200
2201
2202
2206
2208
2210
2211
2214
2218
2221
2222
2223
2224
2228
2231
2233
2239
2240
2246
2250
2251
2265
2267
2268
2272
2274
2276
2278
2279
2280
2286
2289
2290
2291
2292
2293
2299
2302
2303
2304
2305
2306
2307
2309
2312
2313
2315
2320
2322
2323
2325
2327
2328
2329
2332
2333
2335
2337
2338
2341
2343
2347
2348
2350
2352
2353
2355
2357
2358
2363
2364
2370
2373
2374
2375
2376
2377
2382
2384
2386
2387
2390
2392
2393
2396
2401
2404
2405
2406
2408
2411
2415
2416
2419
2420
2421
2424
2425
2426
2428
2429
2431
2438
2442
2444
2446
2451
2453
2456
2457
2458
2461
2463
2465
2468
2470
2472
2473
2474
2476
2477
2481
2486
2489
2492
2493
2496
2499
2500
2501
2502
2503
2505
2508
2510
2511
2512
2514
2515
2520
2521
2522
2525
2528
2531
2533
2538
2539
2540
2547
2548
2549
2550
2552
2556
2557
2558
2559
2560
2563
2564
2567
2571
2572
2573
2574
2575
2576
2579
2580
2582
2585
2586
2587
2590
2593
2596
2597
2600
2602
2604
2606
2612
2617
2619
2622
2623
2627
2630
2631
2632
2634
2635
2636
2637
2639
2640
2644
2645
2646
2647
2649
2651
2654
2655
2656
2658
2659
2660
2662
2663
2664
2666
2667
2668
2671
2672
2673
2674
2677
2678
2679
2682
2683
2684
2687
2689
2692
2694
2696
2697
2699
2703
2704
2706
2707
2709
2710
2711
2712
2713
2714
2717
2719
2724
2725
2729
2730
2732
2733
2735
2738
2750
2751
2756
2761
2762
2763
2765
2767
2772
2773
2774
2775
2776
2777
2784
2791
2792
2794
2797
2801
2802
2806
2812
2815
2817
2819
2820
2821
2824
2825
2826
2828
2830
2831
2833
2834
2835
2840
2842
2843
2845
2847
2848
2849
2851
2853
2855
2857
2863
2864
2865
2867
2869
2871
2872
2874
2876
2878
2879
2880
2882
2883
2885
2888
2889
2891
2896
2897
2898
2899
2902
2903
2906
2907
2909
2910
2912
2916
2917
2919
2920
2921
2924
2925
2929
2930
2931
2934
2935
2937
2941
2945
2947
2948
2950
2951
2957
2960
2961
2962
2964
2965
2966
2968
2969
2972
2973
2974
2976
2979
2980
2983
2987
2988
2989
2990
2992
2994
2996
2998
3001
3003
3004
3007
3008
3010
3011
3012
3014
3015
3016
3019
3021
3024
3026
3029
3031
3032
3033
3036
3037
3039
3041
3042
3043
3045
3046
3047
3049
3050
3053
3058
3061
3062
3063
3064
3068
3069
3070
3071
3072
3073
3075
3076
3078
3079
3080
3081
3082
3085
3087
3089
3090
3092
3094
3095
3097
3100
3101
3104
3106
3109
3110
3111
3112
3113
3114
3115
3117
3118
3120
3121
3122
3123
3124
3126
3128
3131
3132
3133
3134
3136
3137
3138
3139
3142
3144
3145
3147
3148
3151
3152
3155
3157
3159
3162
3163
3164
3165
3166
3167
3169
3170
3171
3173
3175
3177
3178
3179
3180
3183
3184
3185
3189
3190
3191
3192
3193
3194
3196
3197
3199
3201
3204
3207
3209
3214
3216
3217
3219
3222
3225
3226
3227
3228
3231
3233
3234
3235
3236
3239
3241
3242
3243
3244
3246
3247
3248
3249
3251
3254
3255
3258
3259
3260
3262
3265
3267
3268
3273
3274
3275
3277
3279
3283
3284
3289
3294
3296
3297
3300
3304
3305
3306
3308
3309
3312
3314
3315
3316
3317
3318
3320
3323
3324
3326
3327
3329
3330
3332
3336
3337
3340
3346
3349
3352
3353
3355
3357
3359
3360
3361
3366
3369
3372
3373
3374
3375
3376
3377
3378
3379
3383
3385
3386
3388
3393
3395
3396
3402
3403
3404
3405
3406
3407
3408
3409
3411
3414
3415
3416
3417
3420
3422
3423
3427
3428
3430
3432
3437
3438
3439
3441
3443
3444
3445
3448
3452
3453
3455
3456
3459
3461
3462
3463
3464
3465
3466
3469
3470
3471
3472
3474
3475
3479
3480
3481
3483
3485
3486
3488
3489
3491
3493
3495
3496
3499
3500
3501
3502
3506
3507
3509
3512
3513
3514
3515
3517
3518
3519
3520
3522
3524
3525
3526
3527
3528
3529
3530
3531
3532
3534
3535
3539
3540
3543
3544
3545
3546
3547
3550
3551
3553
3559
3560
3562
3565
3567
3568
3569
3572
3573
3574
3575
3576
3577
3581
3586
3588
3589
3592
3593
3597
3603
3604
3605
3607
3609
3618
3619
3629
3630
3633
3637
3638
3640
3643
3645
3647
3655
3656
3660
3661
3662
3667
3671
3676
3678
3685
3686
3687
3693
3695
3696
3697
3698
3699
3700
3704
3706
3708
3710
3713
3718
3720
3721
3722
3723
3726
3728
3729
3730
3733
3735
3738
3739
3740
3746
3749
3750
3752
3754
3757
3759
3761
3763
3765
3767
3768
3770
3773
3775
3778
3781
3783
3785
3787
3789
3792
3793
3794
3799
3800
3802
3803
3804
3807
3808
3810
3811
3812
3814
3815
3819
3828
3829
3831
3833
3835
3841
3842
3843
3844
3848
3851
3852
3854
3856
3857
3861
3862
3863
3868
3871
3876
3877
3879
3884
3887
3893
3896
3897
3900
3903
3906
3910
3912
3913
3914
3920
3922
3923
3924
3925
3926
3927
3930
3933
3936
3937
3938
3939
3941
3943
3944
3947
3959
3962
3964
3968
3969
3971
3974
3975
3977
3978
3979
3983
3985
3986
3988
3990
3992
3999
4003
4008
4010
4013
4017
4021
4022
4024
4025
4026
4027
4032
4033
4034
4036
4037
4039
4041
4043
4044
4045
4049
4052
4053
4056
4057
4058
4060
4064
4065
4067
4068
4070
4072
4074
4075
4076
4078
4079
4081
4083
4087
4088
4092
4094
4098
4104
4105
4107
4109
4112
4113
4117
4120
4123
4130
4131
4132
4133
4134
4136
4142
4143
4145
4148
4150
4151
4152
4153
4158
4159
4161
4163
4166
4173
4174
4175
4177
4179
4180
4183
4184
4185
4186
4189
4193
4194
4197
4201
4204
4209
4212
4217
4219
4221
4225
4228
4230
4233
4235
4236
4238
4239
4245
4246
4247
4251
4253
4260
4261
4267
4269
4275
4278
4279
4282
4283
4284
4288
4290
4294
4295
4299
4304
4308
4310
4312
4313
4323
4324
4326
4333
4337
4338
4345
4348
4349
4354
4358
4362
4373
4374
4376
4378
4381
4382
4386
4389
4390
4394
4396
4397
4398
4402
4408
4414
4415
4416
4423
4427
4430
4433
4435
4440
4447
4449
4450
4451
4453
4455
4460
4461
4463
4464
4469
4470
4474
4477
4478
4482
4485
4487
4488
4489
4490
4491
4493
4496
4499
4500
4507
4509
4511
4512
4513
4514
4515
4516
4517
4521
4522
4524
4525
4528
4529
4533
4534
4535
4536
4538
4539
4541
4542
4544
4545
4546
4549
4551
4552
4554
4555
4559
4560
4561
4562
4564
4566
4568
4569
4577
4580
4581
4583
4586
4588
4589
4592
4595
4596
4599
4600
4601
4603
4604
4606
4609
4615
4618
4621
4623
4626
4628
4629
4630
4632
4636
4638
4640
4641
4643
4644
4645
4646
4647
4648
4649
4652
4654
4655
4657
4659
4660
4664
4668
4669
4670
4674
4675
4676
4679
4684
4691
4696
4697
4698
4699
4700
4701
4703
4704
4707
4710
4711
4715
4716
4717
4718
4721
4722
4723
4727
4728
4730
4734
4738
4739
4741
4742
4743
4748
4751
4753
4756
4758
4759
4760
4761
4762
4764
4765
4768
4769
4772
4773
4774
4776
4777
4779
4780
4782
4784
4785
4787
4788
4789
4790
4791
4795
4796
4797
4801
4802
4805
4806
4808
4809
4812
4815
4817
4818
4819
4820
4821
4822
4823
4825
4826
4827
4828
4830
4833
4836
4837
4838
4840
4841
4842
4845
4849
4850
4851
4852
4853
4854
4855
4858
4859
4863
4864
4867
4868
4869
4870
4871
4873
4875
4876
4877
4878
4880
4881
4882
4884
4885
4886
4887
4890
4891
4893
4894
4895
4897
4899
4900
4903
4907
4909
4912
4914
4917
4918
4919
4920
4922
4925
4927
4933
4934
4936
4938
4939
4940
4941
4942
4943
4946
4947
4949
4950
4951
4953
4957
4958
4959
4960
4961
4962
4966
4967
4968
4972
4976
4979
4980
4981
4982
4983
4984
4985
4988
4989
4993
4994
4995
4997