0
1
2
3
6
7
9
10
11
14
15
16
17
18
20
21
22
23
24
27
29
30
31
32
34
35
36
37
39
40
42
44
45
46
48
50
51
52
54
55
56
58
60
64
67
69
71
81
82
83
91
92
95
98
100
107
114
117
119
127
130
133
134
135
137
141
142
143
144
146
147
148
149
150
152
155
156
157
158
160
162
163
164
166
169
170
171
172
173
174
175
177
180
183
184
185
186
187
188
190
191
192
193
194
195
198
200
201
202
203
204
205
206
207
208
209
210
212
213
214
218
219
220
221
222
223
226
227
232
233
234
238
239
240
241
243
245
248
249
253
257
260
262
263
264
266
267
269
271
