2
7
9
10
11
17
20
26
27
29
35
36
39
45
47
51
52
54
55
56
57
61
62
64
68
71
73
77
80
81
82
87
89
91
92
93
98
99
109
113
116
117
121
123
124
128
129
133
135
136
137
140
142
143
150
153
155
157
162
163
164
167
168
169
170
176
178
180
184
189
190
200
203
206
207
208
209
210
211
214
216
222
223
226
234
241
242
243
246
249
256
257
260
262
267
268
274
277
278
280
283
285
293
302
305
306
307
308
319
323
331
336
338
339
341
342
343
346
347
348
351
352
355
361
364
365
366
367
369
371
374
375
376
378
379
382
383
384
388
390
392
394
400
404
407
408
410
414
417
419
421
424
427
429
432
434
437
439
442
444
445
447
449
450
453
454
455
456
458
463
467
471
475
476
477
478
479
481
482
484
486
491
493
494
495
501
503
505
506
508
511
514
515
518
524
531
535
536
537
542
547
549
550
551
556
562
568
570
571
572
573
574
575
578
581
586
589
590
592
594
598
599
600
601
603
604
606
609
610
611
612
615
616
617
620
622
624
626
627
628
630
638
639
642
644
650
652
660
661
662
663
666
667
668
670
672
674
680
681
682
683
685
688
690
696
700
701
704
707
709
710
714
716
717
719
720
721
725
728
734
739
741
742
743
744
746
748
751
752
753
754
755
756
766
769
772
781
787
789
790
791
793
794
798
802
803
807
812
817
820
822
824
830
834
835
837
842
844
846
848
849
850
851
853
854
856
857
860
862
865
866
867
868
871
874
878
879
880
882
885
887
892
894
895
896
897
898
899
900
904
905
907
911
912
913
914
916
917
924
928
931
932
935
937
942
948
952
957
958
960
961
965
970
972
974
978
979
981
982
984
989
991
996
997
999
1002
1003
1005
1006
1007
1009
1010
1013
1015
1020
1022
1027
1029
1033
1035
1037
1040
1041
1043
1044
1046
1047
1053
1057
1058
1059
1060
1066
1067
1068
1069
1077
1086
1088
1089
1090
1091
1092
1094
1095
1098
1099
1100
1104
1106
1108
1113
1114
1115
1118
1119
1125
1126
1127
1128
1129
1130
1134
1135
1136
1137
1139
1140
1141
1142
1144
1145
1150
1153
1155
1157
1158
1160
1164
1166
1168
1170
1173
1179
1181
1184
1185
1190
1195
1197
1199
1201
1202
1203
1206
1208
1210
1213
1216
1217
1219
1221
1224
1226
1227
1229
1230
1232
1233
1235
1236
1238
1239
1240
1241
1244
1245
1246
1248
1249
1251
1252
1254
1256
1257
1260
1261
1266
1267
1269
1270
1272
1273
1274
1279
1284
1285
1289
1290
1292
1293
1294
1295
1297
1302
1303
1304
1305
1307
1311
1315
1316
1317
1319
1321
1327
1330
1333
1334
1336
1337
1338
1339
1340
1343
1345
1346
1347
1348
1352
1356
1360
1371
1374
1376
1379
1381
1382
1383
1384
1386
1387
1390
1391
1394
1395
1401
1410
1411
1412
1413
1414
1416
1423
1425
1426
1427
1428
1431
1433
1434
1436
1441
1443
1445
1446
1447
1448
1451
1454
1457
1460
1461
1463
1466
1468
1469
1471
1473
1479
1480
1481
1489
1491
1493
1494
1496
1500
1501
1503
1508
1509
1512
1515
1516
1518
1520
1521
1523
1525
1527
1529
1531
1532
1533
1534
1535
1536
1537
1540
1545
1546
1547
1550
1551
1553
1555
1556
1557
1558
1562
1565
1567
1568
1570
1572
1574
1579
1580
1582
1584
1585
1587
1589
1591
1593
1595
1598
1599
1600
1601
1602
1605
1606
1608
1610
1612
1613
1615
1616
1618
1619
1627
1628
1629
1630
1631
1639
1641
1644
1648
1650
1658
1659
1661
1662
1663
1665
1666
1669
1670
1672
1674
1675
1676
1677
1678
1679
1680
1681
1683
1685
1686
1687
1688
1689
1691
1693
1695
1696
1697
1698
1699
1700
1701
1703
1705
1708
1709
1710
1714
1715
1716
1717
1720
1721
1722
1724
1725
1726
1727
1728
1730
1733
1736
1738
1740
1744
1745
1746
1747
1755
1757
1758
1759
1761
1762
1763
1766
1768
1769
1770
1771
1773
1774
1776
1779
1780
1782
1783
1784
1786
1788
1790
1791
1792
1794
1796
1798
1799
1802
1804
1808
1809
1810
1813
1814
1817
1819
1820
1824
1825
1826
1827
1828
1829
1830
1831
1832
1833
1835
1836
1837
1839
1843
1844
1848
1850
1856
1857
1858
1862
1863
1866
1869
1870
1871
1872
1873
1875
1880
1882
1884
1888
1891
1892
1893
1894
1895
1897
1898
1899
1900
1903
1904
1907
1911
1912
1914
1915
1916
1917
1919
1920
1922
1923
1925
1927
1928
1929
1931
1932
1933
1934
1935
1936
1937
1938
1940
1941
1943
1944
1945
1946
1947
1950
1952
1954
1955
1957
1960
1962
1963
1964
1965
1966
1968
1969
1970
1971
1975
1979
1981
1984
1985
1989
1991
1992
1993
1994
1996
1997
1998
1999
2001
2002
2004
2006
2008
2010
2017
2021
2022
2023
2024
2025
2026
2027
2029
2030
2033
2041
2042
2043
2045
2050
2051
2052
2053
2054
2057
2058
2060
2061
2062
2063
2064
2065
2066
2067
2070
2072
2074
2075
2078
2079
2080
2081
2082
2083
2088
2089
2090
2092
2094
2095
2096
2097
2100
2101
2106
2108
2109
2111
2113
2114
2117
2119
2122
2123
2124
2125
2126
2128
2130
2132
2133
2134
2135
2136
2138
2140
2144
2147
2148
2151
2152
2154
2155
2156
2159
2162
2163
2166
2167
2168
2169
2170
2173
2174
2176
2179
2180
2181
2182
2183
2184
2185
2189
2191
2193
2194
2195
2196
2198
2199
2200
2201
2203
2205
2206
2207
2208
2211
2213
2214
2217
2218
2219
2221
2222
2224
2228
2229
2230
2231
2233
2234
2235
2236
2237
2239
2240
2241
2243
2244
2246
2247
2248
2249
2250
2251
2252
2254
2255
2260
2261
2263
2264
2265
2267
2268
2269
2272
2274
2276
2278
2282
2283
2285
2287
2288
2290
2291
2293
2294
2295
2297
2298
2299
2304
2305
2306
2308
2309
2310
2311
2312
2313
2315
2316
2318
2319
2320
2321
2323
2324
2325
2326
2327
2328
2329
2330
2332
2333
2335
2336
2338
2339
2342
2343
2345
2346
2348
2350
2352
2353
2354
2355
2358
2362
2363
2364
2365
2367
2368
2369
2373
2374
2375
2377
2379
2380
2381
2382
2388
2389
2390
2392
2393
2394
2400
2402
2403
2404
2405
2406
2408
2409
2412
2414
2415
2416
2417
2418
2419
2422
2423
2425
2426
2429
2431
2432
2433
2434
2435
2436
2439
2440
2442
2444
2447
2448
2449
2450
2451
2453
2454
2456
2457
2458
2460
2461
2462
2463
2466
2467
2468
2469
2472
2473
2474
2475
2476
2477
2479
2480
2484
2486
2489
2492
2494
2495
2496
2497
2498
2499
2501
2502
2504
2505
2506
2507
2510
2513
2514
2515
2517
2518
2519
2520
2521
2522
2524
2530
2531
2532
2533
2534
2537
2539
2540
2541
2543
2544
2545
2548
2550
2551
2552
2557
2558
2559
2561
2563
2565
2569
2570
2572
2575
2576
2578
2580
2585
2586
2587
2588
2589
2594
2595
2596
2597
2598
2599
2602
2606
2607
2608
2611
2613
2614
2616
2617
2619
2622
2623
2624
2627
2628
2629
2630
2631
2633
2634
2635
2637
2639
2640
2641
2642
2644
2645
2646
2647
2648
2651
2652
2654
2656
2657
2659
2660
2662
2663
2664
2666
2670
2672
2673
2674
2675
2676
2677
2678
2679
2683
2685
2687
2688
2689
2691
2693
2699
2700
2701
2702
2703
2706
2707
2708
2709
2710
2711
2713
2716
2717
2718
2719
2720
2721
2722
2724
2725
2727
2729
2730
2731
2733
2734
2735
2737
2738
2741
2742
2744
2745
2747
2749
2751
2752
2754
2755
2756
2757
2759
2761
2763
2764
2765
2766
2767
2768
2769
2771
2772
2774
2775
2776
2777
2778
2779
2780
2781
2784
2786
2788
2790
2792
2794
2796
2797
2798
2799
2801
2803
2804
2806
2809
2810
2812
2813
2815
2816
2817
2819
2821
2823
2825
2828
2830
2831
2832
2833
2834
2837
2840
2841
2842
2846
2847
2848
2849
2850
2851
2852
2855
2856
2857
2858
2860
2861
2863
2864
2866
2867
2869
2871
2872
2873
2874
2876
2878
2880
2883
2885
2886
2887
2888
2889
2890
2892
2893
2894
2895
2896
2897
2898
2901
2904
2906
2907
2909
2912
2913
2914
2915
2918
2919
2920
2921
2923
2924
2929
2931
2934
2935
2936
2937
2939
2940
2941
2942
2943
2945
2947
2948
2949
2950
2951
2952
2954
2957
2959
2960
2961
2964
2968
2970
2971
2973
2974
2975
2976
2977
2980
2981
2982
2983
2986
2987
2988
2989
2990
2991
2993
2994
2995
2996
2998
2999
3001
3004
3005
3006
3007
3008
3009
3010
3011
3012
3013
3014
3016
3017
3018
3019
3020
3021
3023
3027
3028
3029
3030
3031
3033
3035
3036
3037
3038
3042
3044
3048
3050
3055
3056
3058
3061
3065
3066
3067
3068
3069
3070
3071
3072
3073
3075
3076
3078
3080
3081
3083
3084
3085
3087
3089
3090
3091
3092
3096
3097
3098
3099
3100
3101
3102
3104
3106
3109
3110
3111
3118
3119
3121
3122
3123
3124
3130
3131
3134
3135
3136
3137
3139
3141
3142
3143
3144
3146
3150
3151
3156
3159
3161
3164
3166
3168
3171
3173
3174
3177
3179
3181
3182
3184
3185
3189
3192
3194
3195
3196
3198
3199
3200
3201
3203
3204
3212
3216
3217
3218
3221
3223
3231
3236
3243
3244
3246
3247
3248
3252
3254
3255
3257
3258
3261
3262
3266
3269
3276
3277
3283
3285
3289
3290
3291
3293
3296
3297
3298
3300
3302
3303
3307
3308
3309
3310
3312
3314
3315
3316
3322
3324
3325
3326
3327
3330
3333
3335
3337
3339
3341
3345
3347
3352
3353
3354
3355
3357
3358
3359
3360
3363
3366
3372
3373
3374
3375
3376
3378
3385
3386
3389
3390
3391
3395
3397
3398
3399
3404
3407
3410
3411
3413
3414
3417
3418
3419
3421
3422
3424
3425
3430
3432
3434
3435
3437
3438
3439
3440
3442
3443
3445
3447
3448
3450
3455
3456
3458
3461
3462
3464
3465
3467
3470
3471
3474
3476
3477
3478
3479
3481
3483
3485
3488
3489
3490
3493
3496
3498
3499
3504
3507
3517
3518
3521
3523
3524
3530
3531
3532
3535
3538
3539
3542
3543
3546
3547
3550
3551
3552
3555
3557
3558
3559
3560
3564
3565
3567
3568
3569
3572
3574
3575
3576
3578
3579
3580
3583
3586
3588
3598
3600
3602
3604
3605
3606
3609
3610
3612
3627
3638
3642
3643
3645
3649
3664
3672
3673
3676
3677
3681
3683
3692
3694
3695
3698
3699
3701
3704
3708
3713
3715
3716
3719
3720
3722
3723
3730
3732
3735
3736
3739
3740
3749
3750
3751
3753
3754
3757
3761
3762
3764
3770
3773
3774
3775
3776
3782
3783
3789
3798
3799
3800
3802
3803
3806
3808
3810
3814
3815
3819
3820
3829
3831
3833
3835
3837
3839
3840
3841
3844
3845
3848
3849
3851
3852
3854
3856
3858
3859
3868
3869
3872
3877
3878
3879
3881
3883
3884
3893
3909
3912
3913
3922
3923
3924
3926
3928
3931
3934
3935
3936
3942
3943
3944
3947
3952
3953
3954
3962
3966
3968
3971
3976
3977
3979
3981
3982
3986
3988
3990
3992
3994
3996
4000
4003
4013
4019
4024
4027
4029
4032
4039
4045
4053
4057
4059
4063
4065
4070
4073
4078
4080
4086
4087
4091
4093
4094
4100
4103
4109
4112
4115
4118
4123
4127
4128
4129
4133
4134
4137
4142
4146
4147
4150
4151
4153
4156
4160
4163
4164
4166
4173
4174
4175
4177
4178
4179
4183
4192
4193
4194
4201
4202
4207
4209
4217
4218
4223
4224
4226
4228
4230
4238
4244
4246
4249
4253
4255
4258
4261
4264
4267
4269
4279
4284
4288
4291
4293
4297
4300
4302
4306
4314
4324
4326
4336
4341
4345
4349
4352
4357
4362
4378
4380
4384
4388
4389
4397
4403
4404
4405
4415
4420
4421
4432
4433
4437
4442
4443
4446
4452
4455
4457
4459
4460
4461
4462
4463
4464
4465
4470
4472
4473
4476
4477
4479
4480
4481
4482
4484
4485
4486
4489
4490
4494
4501
4502
4503
4505
4506
4507
4508
4509
4510
4511
4513
4516
4517
4519
4521
4522
4523
4524
4525
4526
4527
4529
4530
4531
4533
4534
4535
4537
4539
4542
4543
4545
4547
4548
4550
4553
4554
4555
4560
4561
4562
4564
4565
4570
4571
4573
4574
4575
4577
4578
4579
4580
4582
4583
4587
4588
4589
4591
4592
4593
4595
4597
4598
4600
4602
4604
4606
4607
4610
4611
4612
4613
4615
4617
4619
4620
4622
4623
4624
4628
4631
4634
4635
4637
4638
4639
4640
4642
4643
4644
4645
4647
4649
4650
4652
4653
4654
4655
4656
4657
4658
4659
4661
4662
4664
4665
4666
4669
4670
4671
4672
4676
4677
4679
4680
4681
4684
4685
4687
4688
4690
4691
4692
4693
4694
4695
4698
4699
4700
4701
4702
4703
4704
4705
4707
4711
4712
4714
4718
4720
4721
4723
4724
4727
4728
4729
4730
4731
4732
4734
4735
4736
4737
4738
4739
4741
4745
4746
4749
4751
4752
4753
4754
4755
4756
4758
4759
4761
4762
4765
4766
4768
4770
4772
4774
4775
4776
4777
4778
4779
4780
4781
4782
4783
4785
4789
4790
4797
4799
4800
4803
4806
4807
4809
4812
4815
4818
4819
4821
4822
4823
4824
4825
4826
4827
4829
4830
4833
4835
4838
4839
4840
4841
4844
4845
4846
4847
4848
4849
4851
4852
4855
4856
4857
4859
4861
4862
4863
4864
4865
4866
4867
4868
4869
4870
4871
4872
4874
4876
4878
4880
4882
4883
4884
4886
4887
4889
4890
4891
4892
4893
4895
4896
4897
4898
4899
4900
4901
4903
4904
4905
4906
4909
4911
4912
4913
4915
4917
4918
4919
4920
4921
4923
4926
4931
4932
4934
4935
4937
4939
4941
4942
4943
4946
4948
4951
4952
4953
4954
4955
4956
4957
4960
4963
4964
4967
4969
4971
4972
4973
4974
4979
4980
4981
4983
4988
4989
4990
4991
4993
4995
4996
4998
4999