1
2
4
5
6
8
9
11
12
13
14
15
16
17
19
21
22
23
24
27
28
29
30
31
33
34
36
37
39
40
42
43
46
50
51
52
54
56
60
63
64
65
68
69
70
72
73
77
79
81
83
89
90
91
96
101
104
105
106
107
112
114
117
118
119
120
123
124
125
128
129
132
133
135
136
137
138
139
142
143
144
145
146
147
149
150
151
152
154
155
156
157
158
159
160
161
163
164
165
167
168
171
172
173
175
177
178
179
180
182
184
185
186
187
189
190
192
194
195
196
197
199
200
201
202
204
207
208
209
210
211
212
213
214
215
216
217
218
220
221
222
223
225
226
227
228
230
231
232
233
234
235
236
238
239
240
242
245
250
251
253
254
257
260
263
264
265
267
271